        weight_2025 pitax_2025 total_income_2025 weight_ref_2025 pitax_ref_2025 total_income_ref_2025 weight_ref_2026 pitax_ref_2026 total_income_ref_2026 weight_ref_2027 pitax_ref_2027 total_income_ref_2027 weight_ref_2028 pitax_ref_2028 total_income_ref_2028 weight_ref_2029 pitax_ref_2029 total_income_ref_2029 weight_ref_2030 pitax_ref_2030 total_income_ref_2030 weight_ref_2031 pitax_ref_2031 total_income_ref_2031 weight_ref_2032 pitax_ref_2032 total_income_ref_2032
<0              0.0          0                 0             0.0              0                     0             0.0              0                     0             0.0              0                     0             0.0              0                     0             0.0              0                     0             0.0              0                     0             0.0              0                     0             0.0              0                     0
=0              0.0          0                 0             0.0              0                     0             0.0              0                     0             0.0              0                     0             0.0              0                     0             0.0              0                     0             0.0              0                     0             0.0              0                     0             0.0              0                     0
0-0.5 m    947090.0      6,149           247,526        947090.0          6,149               247,526        863900.0          6,028               230,811        782800.0             19               212,786        715800.0             19               199,993        638750.0             21               180,460        565450.0             16               160,978        489600.0             15               137,915        428300.0             16               120,162
0.5-1m     728775.0     71,622           521,053        728775.0         71,622               521,053        714130.0         72,033               518,581        703510.0         27,013               519,626        663110.0         26,698               496,992        618380.0         24,633               462,667        581260.0         22,745               433,481        535410.0         18,990               390,240        509330.0         18,210               371,713
1-1.5m     282079.0     64,039           339,785        282079.0         64,039               339,785        330536.0         76,414               402,337        353465.0         54,671               433,634        378585.0         57,922               462,441        419000.0         63,712               510,017        433390.0         65,943               528,216        466680.0         72,202               573,268        444660.0         70,185               553,668
1.5-2m     106082.0     37,950           182,838        106082.0         37,950               182,838        121854.0         43,791               210,293        152277.0         42,679               259,991        191571.0         53,929               326,584        225958.0         65,127               390,474        249960.0         71,984               432,538        257315.0         74,322               447,347        272410.0         77,717               468,651
2-3m        93293.0     50,024           227,632         93293.0         50,024               227,632        105673.0         56,605               256,300        122406.0         56,216               295,890        140699.0         64,799               339,445        162026.0         75,504               393,244        201446.0         93,020               482,872        244647.0        113,241               584,858        296096.0        137,513               709,356
3-4m        50729.0     40,381           174,641         50729.0         40,381               174,641         56093.0         44,993               194,109         59622.0         43,374               206,800         63851.0         46,370               220,487         69046.0         50,434               238,633         80251.0         58,833               276,551         92946.0         67,974               318,986        109806.0         81,225               378,142
4-5m        26851.0     28,445           119,726         26851.0         28,445               119,726         31075.0         32,967               138,361         36444.0         37,078               162,377         42077.0         43,008               187,579         45035.0         46,273               201,392         47040.0         48,539               210,722         51227.0         52,845               228,514         56054.0         58,289               250,622
5-10m       42919.0     71,134           289,969         42919.0         71,134               289,969         50765.0         84,587               343,154         59175.0        101,533               401,026         68965.0        119,133               468,188         80581.0        140,155               547,677         93078.0        163,346               634,822        105533.0        186,759               722,475        116865.0        209,580               806,657
>10m        21926.0    138,873           499,000         21926.0        138,873               499,000         25718.0        165,524               593,643         30045.0        215,227               702,181         35086.0        254,715               829,141         40968.0        301,154               978,279         47869.0        356,037             1,153,821         56386.0        422,245             1,364,980         66223.0        499,951             1,612,016
ALL       2299744.0    508,618         2,602,170       2299744.0        508,618             2,602,170       2299744.0        582,942             2,887,590       2299744.0        577,810             3,194,309       2299744.0        666,594             3,530,849       2299744.0        767,013             3,902,843       2299744.0        880,462             4,314,001       2299744.0      1,008,591             4,768,584       2299744.0      1,152,687             5,270,988

