     weight_2025  pitax_2025  total_income_2025  weight_ref_2025  pitax_ref_2025  total_income_ref_2025  weight_ref_2026  pitax_ref_2026  total_income_ref_2026  weight_ref_2027  pitax_ref_2027  total_income_ref_2027  weight_ref_2028  pitax_ref_2028  total_income_ref_2028  weight_ref_2029  pitax_ref_2029  total_income_ref_2029  weight_ref_2030  pitax_ref_2030  total_income_ref_2030  weight_ref_2031  pitax_ref_2031  total_income_ref_2031  weight_ref_2032  pitax_ref_2032  total_income_ref_2032  ETR_2025  ETR_ref_2025  ETR_ref_2026  ETR_ref_2027  ETR_ref_2028  ETR_ref_2029  ETR_ref_2030  ETR_ref_2031  ETR_ref_2032
0        22950.0         0.0              109.0          22950.0             0.0                  109.0          22950.0             0.0                  121.0          22950.0             0.0                  134.0          22950.0             0.0                  148.0          22950.0             0.0                  163.0          22950.0             0.0                  181.0          22950.0             0.0                  200.0          22950.0             0.0                  221.0  0.000000      0.000000      0.000000      0.000000      0.000000      0.000000      0.000000      0.000000      0.000000
1        23000.0         0.0              466.0          23000.0             0.0                  466.0          23000.0             0.0                  517.0          23000.0             0.0                  572.0          23000.0             0.0                  632.0          23000.0             0.0                  698.0          23000.0             0.0                  772.0          23000.0             0.0                  853.0          23000.0             0.0                  943.0  0.000000      0.000000      0.000000      0.000000      0.000000      0.000000      0.000000      0.000000      0.000000
2        23000.0         0.0              814.0          23000.0             0.0                  814.0          23000.0             0.0                  903.0          23000.0             0.0                  999.0          23000.0             0.0                 1105.0          23000.0             0.0                 1221.0          23000.0             0.0                 1350.0          23000.0             0.0                 1492.0          23000.0             0.0                 1649.0  0.000000      0.000000      0.000000      0.000000      0.000000      0.000000      0.000000      0.000000      0.000000
3        23000.0         0.0             1211.0          23000.0             0.0                 1211.0          23000.0             0.0                 1343.0          23000.0             0.0                 1486.0          23000.0             0.0                 1643.0          23000.0             0.0                 1816.0          23000.0             0.0                 2007.0          23000.0             0.0                 2219.0          23000.0             0.0                 2452.0  0.000000      0.000000      0.000000      0.000000      0.000000      0.000000      0.000000      0.000000      0.000000
4        23000.0         0.0             1621.0          23000.0             0.0                 1621.0          23000.0             0.0                 1799.0          23000.0             0.0                 1990.0          23000.0             0.0                 2200.0          23000.0             0.0                 2431.0          23000.0             0.0                 2688.0          23000.0             0.0                 2971.0          23000.0             0.0                 3284.0  0.000000      0.000000      0.000000      0.000000      0.000000      0.000000      0.000000      0.000000      0.000000
5        23000.0         0.0             2041.0          23000.0             0.0                 2041.0          23000.0             0.0                 2265.0          23000.0             0.0                 2506.0          23000.0             0.0                 2770.0          23000.0             0.0                 3061.0          23000.0             0.0                 3384.0          23000.0             0.0                 3741.0          23000.0             0.0                 4135.0  0.000000      0.000000      0.000000      0.000000      0.000000      0.000000      0.000000      0.000000      0.000000
6        23000.0         0.0             2462.0          23000.0             0.0                 2462.0          23000.0             0.0                 2732.0          23000.0             0.0                 3022.0          23000.0             0.0                 3340.0          23000.0             0.0                 3692.0          23000.0             0.0                 4081.0          23000.0             0.0                 4511.0          23000.0             0.0                 4986.0  0.000000      0.000000      0.000000      0.000000      0.000000      0.000000      0.000000      0.000000      0.000000
7        23000.0         0.0             2846.0          23000.0             0.0                 2846.0          23000.0             0.0                 3158.0          23000.0             0.0                 3493.0          23000.0             0.0                 3861.0          23000.0             0.0                 4268.0          23000.0             0.0                 4718.0          23000.0             1.0                 5215.0          23000.0             1.0                 5764.0  0.000000      0.000000      0.000000      0.000000      0.000000      0.000000      0.000000      0.000192      0.000173
8        23000.0         0.0             3207.0          23000.0             0.0                 3207.0          23000.0             0.0                 3559.0          23000.0             0.0                 3937.0          23000.0             0.0                 4352.0          23000.0             0.0                 4810.0          23000.0             0.0                 5317.0          23000.0             0.0                 5877.0          23000.0             1.0                 6496.0  0.000000      0.000000      0.000000      0.000000      0.000000      0.000000      0.000000      0.000000      0.000154
9        23000.0         0.0             3522.0          23000.0             0.0                 3522.0          23000.0             0.0                 3908.0          23000.0             0.0                 4323.0          23000.0             0.0                 4778.0          23000.0             0.0                 5282.0          23000.0             0.0                 5838.0          23000.0             1.0                 6453.0          23000.0             1.0                 7133.0  0.000000      0.000000      0.000000      0.000000      0.000000      0.000000      0.000000      0.000155      0.000140
10       23000.0         0.0             3822.0          23000.0             0.0                 3822.0          23000.0             0.0                 4241.0          23000.0             0.0                 4692.0          23000.0             0.0                 5186.0          23000.0             0.0                 5733.0          23000.0             1.0                 6336.0          23000.0             1.0                 7004.0          23000.0             1.0                 7742.0  0.000000      0.000000      0.000000      0.000000      0.000000      0.000000      0.000158      0.000143      0.000129
11       23000.0         0.0             4096.0          23000.0             0.0                 4096.0          23000.0             0.0                 4545.0          23000.0             0.0                 5028.0          23000.0             0.0                 5558.0          23000.0             0.0                 6143.0          23000.0             0.0                 6790.0          23000.0             0.0                 7506.0          23000.0             0.0                 8297.0  0.000000      0.000000      0.000000      0.000000      0.000000      0.000000      0.000000      0.000000      0.000000
12       23000.0         0.0             4316.0          23000.0             0.0                 4316.0          23000.0             0.0                 4789.0          23000.0             1.0                 5298.0          23000.0             1.0                 5856.0          23000.0             1.0                 6473.0          23000.0             2.0                 7155.0          23000.0             2.0                 7909.0          23000.0             3.0                 8742.0  0.000000      0.000000      0.000000      0.000189      0.000171      0.000154      0.000280      0.000253      0.000343
13       23000.0         0.0             4590.0          23000.0             0.0                 4590.0          23000.0             0.0                 5093.0          23000.0             0.0                 5634.0          23000.0             1.0                 6228.0          23000.0             1.0                 6884.0          23000.0             1.0                 7609.0          23000.0             1.0                 8411.0          23000.0             2.0                 9297.0  0.000000      0.000000      0.000000      0.000000      0.000161      0.000145      0.000131      0.000119      0.000215
14       23000.0         0.0             4851.0          23000.0             0.0                 4851.0          23000.0             0.0                 5383.0          23000.0             1.0                 5955.0          23000.0             1.0                 6582.0          23000.0             1.0                 7276.0          23000.0             1.0                 8042.0          23000.0             2.0                 8890.0          23000.0             2.0                 9827.0  0.000000      0.000000      0.000000      0.000168      0.000152      0.000137      0.000124      0.000225      0.000204
15       23000.0         0.0             5075.0          23000.0             0.0                 5075.0          23000.0             0.0                 5631.0          23000.0             0.0                 6229.0          23000.0             0.0                 6886.0          23000.0             0.0                 7611.0          23000.0             0.0                 8413.0          23000.0             0.0                 9300.0          23000.0             0.0                10279.0  0.000000      0.000000      0.000000      0.000000      0.000000      0.000000      0.000000      0.000000      0.000000
16       23000.0         0.0             5318.0          23000.0             0.0                 5318.0          23000.0             1.0                 5901.0          23000.0             0.0                 6528.0          23000.0             0.0                 7215.0          23000.0             0.0                 7976.0          23000.0             0.0                 8816.0          23000.0             2.0                 9745.0          23000.0             3.0                10772.0  0.000000      0.000000      0.000169      0.000000      0.000000      0.000000      0.000000      0.000205      0.000278
17       23000.0         0.0             5473.0          23000.0             0.0                 5473.0          23000.0             0.0                 6074.0          23000.0             0.0                 6719.0          23000.0             0.0                 7427.0          23000.0             0.0                 8209.0          23000.0             0.0                 9074.0          23000.0             0.0                10030.0          23000.0             0.0                11087.0  0.000000      0.000000      0.000000      0.000000      0.000000      0.000000      0.000000      0.000000      0.000000
18       23000.0         0.0             5636.0          23000.0             0.0                 5636.0          23000.0             0.0                 6254.0          23000.0             0.0                 6918.0          23000.0             0.0                 7647.0          23000.0             0.0                 8453.0          23000.0             0.0                 9343.0          23000.0             1.0                10327.0          23000.0             1.0                11416.0  0.000000      0.000000      0.000000      0.000000      0.000000      0.000000      0.000000      0.000097      0.000088
19       22950.0         0.0             5868.0          22950.0             0.0                 5868.0          22950.0             1.0                 6511.0          22950.0             1.0                 7203.0          22950.0             1.0                 7962.0          22950.0             1.0                 8800.0          22950.0             2.0                 9727.0          22950.0             3.0                10753.0          22950.0             5.0                11885.0  0.000000      0.000000      0.000154      0.000139      0.000126      0.000114      0.000206      0.000279      0.000421
20       23000.0         0.0             6101.0          23000.0             0.0                 6101.0          23000.0             0.0                 6770.0          23000.0             0.0                 7489.0          23000.0             0.0                 8278.0          23000.0             1.0                 9151.0          23000.0             1.0                10115.0          23000.0             2.0                11180.0          23000.0            15.0                12358.0  0.000000      0.000000      0.000000      0.000000      0.000000      0.000109      0.000099      0.000179      0.001214
21       23000.0         2.0             6320.0          23000.0             2.0                 6320.0          23000.0             5.0                 7013.0          23000.0             2.0                 7758.0          23000.0             3.0                 8575.0          23000.0             3.0                 9479.0          23000.0             4.0                10477.0          23000.0             6.0                11582.0          23000.0            67.0                12802.0  0.000316      0.000316      0.000713      0.000258      0.000350      0.000316      0.000382      0.000518      0.005234
22       23000.0         0.0             6522.0          23000.0             0.0                 6522.0          23000.0             9.0                 7237.0          23000.0             0.0                 8006.0          23000.0             0.0                 8849.0          23000.0             0.0                 9782.0          23000.0             0.0                10812.0          23000.0             4.0                11951.0          23000.0           125.0                13211.0  0.000000      0.000000      0.001244      0.000000      0.000000      0.000000      0.000000      0.000335      0.009462
23       23000.0         1.0             6750.0          23000.0             1.0                 6750.0          23000.0            33.0                 7490.0          23000.0             0.0                 8286.0          23000.0             0.0                 9158.0          23000.0             1.0                10123.0          23000.0             1.0                11190.0          23000.0            14.0                12369.0          23000.0           196.0                13672.0  0.000148      0.000148      0.004406      0.000000      0.000000      0.000099      0.000089      0.001132      0.014336
24       23000.0         1.0             6933.0          23000.0             1.0                 6933.0          23000.0            72.0                 7694.0          23000.0             0.0                 8511.0          23000.0             0.0                 9408.0          23000.0             1.0                10399.0          23000.0             2.0                11494.0          23000.0            44.0                12706.0          23000.0           265.0                14044.0  0.000144      0.000144      0.009358      0.000000      0.000000      0.000096      0.000174      0.003463      0.018869
25       23000.0        10.0             7127.0          23000.0            10.0                 7127.0          23000.0           124.0                 7909.0          23000.0             2.0                 8749.0          23000.0             3.0                 9671.0          23000.0             5.0                10690.0          23000.0             8.0                11816.0          23000.0           107.0                13061.0          23000.0           352.0                14437.0  0.001403      0.001403      0.015678      0.000229      0.000310      0.000468      0.000677      0.008192      0.024382
26       23000.0        16.0             7353.0          23000.0            16.0                 7353.0          23000.0           163.0                 8160.0          23000.0             2.0                 9027.0          23000.0             2.0                 9978.0          23000.0             3.0                11029.0          23000.0            11.0                12191.0          23000.0           161.0                13475.0          23000.0           410.0                14895.0  0.002176      0.002176      0.019975      0.000222      0.000200      0.000272      0.000902      0.011948      0.027526
27       23000.0        58.0             7598.0          23000.0            58.0                 7598.0          23000.0           231.0                 8431.0          23000.0             1.0                 9327.0          23000.0             1.0                10309.0          23000.0             2.0                11395.0          23000.0            37.0                12596.0          23000.0           249.0                13923.0          23000.0           505.0                15390.0  0.007634      0.007634      0.027399      0.000107      0.000097      0.000176      0.002937      0.017884      0.032814
28       23000.0       100.0             7844.0          23000.0           100.0                 7844.0          23000.0           281.0                 8704.0          23000.0             3.0                 9629.0          23000.0             4.0                10643.0          23000.0             6.0                11765.0          23000.0            90.0                13004.0          23000.0           323.0                14374.0          23000.0           589.0                15889.0  0.012749      0.012749      0.032284      0.000312      0.000376      0.000510      0.006921      0.022471      0.037070
29       23000.0       151.0             8115.0          23000.0           151.0                 8115.0          23000.0           341.0                 9005.0          23000.0             0.0                 9962.0          23000.0             1.0                11012.0          23000.0             8.0                12172.0          23000.0           153.0                13454.0          23000.0           401.0                14872.0          23000.0           695.0                16439.0  0.018608      0.018608      0.037868      0.000000      0.000091      0.000657      0.011372      0.026963      0.042278
30       23000.0       192.0             8320.0          23000.0           192.0                 8320.0          23000.0           384.0                 9233.0          23000.0             0.0                10213.0          23000.0             0.0                11289.0          23000.0            16.0                12479.0          23000.0           210.0                13793.0          23000.0           463.0                15247.0          23000.0           773.0                16853.0  0.023077      0.023077      0.041590      0.000000      0.000000      0.001282      0.015225      0.030367      0.045867
31       23000.0       258.0             8583.0          23000.0           258.0                 8583.0          23000.0           459.0                 9524.0          23000.0             6.0                10536.0          23000.0             7.0                11646.0          23000.0            75.0                12873.0          23000.0           301.0                14229.0          23000.0           559.0                15728.0          23000.0           909.0                17385.0  0.030059      0.030059      0.048194      0.000569      0.000601      0.005826      0.021154      0.035542      0.052286
32       23000.0       323.0             8876.0          23000.0           323.0                 8876.0          23000.0           537.0                 9849.0          23000.0             0.0                10896.0          23000.0             3.0                12044.0          23000.0           136.0                13312.0          23000.0           383.0                14715.0          23000.0           671.0                16265.0          23000.0          1046.0                17979.0  0.036390      0.036390      0.054523      0.000000      0.000249      0.010216      0.026028      0.041254      0.058179
33       23000.0       382.0             9191.0          23000.0           382.0                 9191.0          23000.0           611.0                10200.0          23000.0             1.0                11283.0          23000.0            20.0                12472.0          23000.0           215.0                13786.0          23000.0           471.0                15238.0          23000.0           786.0                16844.0          23000.0          1174.0                18618.0  0.041562      0.041562      0.059902      0.000089      0.001604      0.015596      0.030910      0.046664      0.063057
34       23000.0       445.0             9506.0          23000.0           445.0                 9506.0          23000.0           693.0                10549.0          23000.0             0.0                11669.0          23000.0            61.0                12899.0          23000.0           288.0                14258.0          23000.0           546.0                15760.0          23000.0           899.0                17421.0          23000.0          1302.0                19256.0  0.046813      0.046813      0.065693      0.000000      0.004729      0.020199      0.034645      0.051604      0.067615
35       23000.0       495.0             9726.0          23000.0           495.0                 9726.0          23000.0           758.0                10793.0          23000.0             3.0                11940.0          23000.0           105.0                13197.0          23000.0           346.0                14588.0          23000.0           622.0                16125.0          23000.0           988.0                17824.0          23000.0          1402.0                19702.0  0.050895      0.050895      0.070231      0.000251      0.007956      0.023718      0.038574      0.055431      0.071160
36       23000.0       550.0             9991.0          23000.0           550.0                 9991.0          23000.0           826.0                11087.0          23000.0            10.0                12264.0          23000.0           166.0                13557.0          23000.0           414.0                14985.0          23000.0           709.0                16564.0          23000.0          1086.0                18309.0          23000.0          1507.0                20238.0  0.055050      0.055050      0.074502      0.000815      0.012245      0.027628      0.042804      0.059315      0.074464
37       23000.0       626.0            10336.0          23000.0           626.0                10336.0          23000.0           911.0                11469.0          23000.0            35.0                12688.0          23000.0           241.0                14024.0          23000.0           491.0                15502.0          23000.0           820.0                17135.0          23000.0          1208.0                18940.0          23000.0          1634.0                20936.0  0.060565      0.060565      0.079432      0.002759      0.017185      0.031673      0.047855      0.063780      0.078047
38       23000.0       707.0            10664.0          23000.0           707.0                10664.0          23000.0          1007.0                11834.0          23000.0            83.0                13091.0          23000.0           311.0                14470.0          23000.0           580.0                15994.0          23000.0           934.0                17679.0          23000.0          1342.0                19542.0          23000.0          1771.0                21601.0  0.066298      0.066298      0.085094      0.006340      0.021493      0.036264      0.052831      0.068673      0.081987
39       22990.0       789.0            10979.0          22990.0           789.0                10979.0          22990.0          1095.0                12183.0          22990.0           147.0                13478.0          22990.0           391.0                14897.0          22990.0           681.0                16467.0          22990.0          1050.0                18202.0          22990.0          1463.0                20120.0          22990.0          1899.0                22239.0  0.071864      0.071864      0.089879      0.010907      0.026247      0.041355      0.057686      0.072714      0.085391
40       23000.0       876.0            11256.0          23000.0           876.0                11256.0          23000.0          1195.0                12490.0          23000.0           210.0                13817.0          23000.0           467.0                15273.0          23000.0           782.0                16882.0          23000.0          1170.0                18660.0          23000.0          1598.0                20626.0          23000.0          2067.0                22799.0  0.077825      0.077825      0.095677      0.015199      0.030577      0.046322      0.062701      0.077475      0.090662
41       23000.0       951.0            11573.0          23000.0           951.0                11573.0          23000.0          1277.0                12843.0          23000.0           278.0                14207.0          23000.0           531.0                15704.0          23000.0           880.0                17358.0          23000.0          1277.0                19187.0          23000.0          1713.0                21208.0          23000.0          2211.0                23443.0  0.082174      0.082174      0.099432      0.019568      0.033813      0.050697      0.066555      0.080771      0.094314
42       22980.0      1028.0            11873.0          22980.0          1028.0                11873.0          22980.0          1364.0                13175.0          22980.0           337.0                14574.0          22980.0           612.0                16110.0          22980.0           974.0                17807.0          22980.0          1384.0                19683.0          22980.0          1807.0                21757.0          22980.0          2369.0                24049.0  0.086583      0.086583      0.103529      0.023123      0.037989      0.054698      0.070314      0.083054      0.098507
43       23000.0      1114.0            12215.0          23000.0          1114.0                12215.0          23000.0          1461.0                13555.0          23000.0           414.0                14994.0          23000.0           707.0                16574.0          23000.0          1086.0                18320.0          23000.0          1507.0                20250.0          23000.0          1954.0                22384.0          23000.0          2548.0                24743.0  0.091199      0.091199      0.107783      0.027611      0.042657      0.059279      0.074420      0.087294      0.102979
44       23000.0      1173.0            12537.0          23000.0          1173.0                12537.0          23000.0          1520.0                13912.0          23000.0           476.0                15390.0          23000.0           793.0                17011.0          23000.0          1174.0                18804.0          23000.0          1592.0                20784.0          23000.0          2058.0                22975.0          23000.0          2666.0                25395.0  0.093563      0.093563      0.109258      0.030929      0.046617      0.062434      0.076597      0.089576      0.104981
45       23000.0      1313.0            12948.0          23000.0          1313.0                12948.0          23000.0          1679.0                14368.0          23000.0           582.0                15895.0          23000.0           938.0                17569.0          23000.0          1341.0                19420.0          23000.0          1766.0                21466.0          23000.0          2303.0                23728.0          23000.0          2947.0                26228.0  0.101406      0.101406      0.116857      0.036615      0.053389      0.069053      0.082270      0.097058      0.112361
46       23000.0      1431.0            13267.0          23000.0          1431.0                13267.0          23000.0          1816.0                14722.0          23000.0           676.0                16286.0          23000.0          1056.0                18002.0          23000.0          1480.0                19898.0          23000.0          1911.0                21994.0          23000.0          2512.0                24312.0          23000.0          3189.0                26874.0  0.107862      0.107862      0.123353      0.041508      0.058660      0.074379      0.086887      0.103323      0.118665
47       23000.0      1473.0            13305.0          23000.0          1473.0                13305.0          23000.0          1863.0                14764.0          23000.0           714.0                16332.0          23000.0          1101.0                18053.0          23000.0          1530.0                19955.0          23000.0          1965.0                22057.0          23000.0          2583.0                24381.0          23000.0          3269.0                26950.0  0.110710      0.110710      0.126185      0.043718      0.060987      0.076673      0.089087      0.105943      0.121299
48       23000.0      1457.0            13518.0          23000.0          1457.0                13518.0          23000.0          1839.0                15000.0          23000.0           726.0                16594.0          23000.0          1104.0                18342.0          23000.0          1523.0                20274.0          23000.0          1972.0                22410.0          23000.0          2569.0                24772.0          23000.0          3243.0                27381.0  0.107782      0.107782      0.122600      0.043751      0.060190      0.075121      0.087996      0.103706      0.118440
49       23000.0      1580.0            13816.0          23000.0          1580.0                13816.0          23000.0          1981.0                15331.0          23000.0           834.0                16959.0          23000.0          1232.0                18746.0          23000.0          1668.0                20721.0          23000.0          2155.0                22904.0          23000.0          2790.0                25318.0          23000.0          3496.0                27985.0  0.114360      0.114360      0.129215      0.049177      0.065721      0.080498      0.094088      0.110198      0.124924
50       22980.0      1646.0            14103.0          22980.0          1646.0                14103.0          22980.0          2050.0                15649.0          22980.0           910.0                17312.0          22980.0          1312.0                19136.0          22980.0          1748.0                21152.0          22980.0          2265.0                23380.0          22980.0          2909.0                25843.0          22980.0          3624.0                28566.0  0.116713      0.116713      0.130999      0.052565      0.068562      0.082640      0.096878      0.112564      0.126864
51       23000.0      1717.0            14483.0          23000.0          1717.0                14483.0          23000.0          2129.0                16072.0          23000.0           992.0                17779.0          23000.0          1402.0                19652.0          23000.0          1822.0                21722.0          23000.0          2392.0                24011.0          23000.0          3046.0                26541.0          23000.0          3776.0                29337.0  0.118553      0.118553      0.132466      0.055796      0.071341      0.083878      0.099621      0.114766      0.128711
52       23000.0      1809.0            14679.0          23000.0          1809.0                14679.0          23000.0          2235.0                16289.0          23000.0          1061.0                18019.0          23000.0          1486.0                19918.0          23000.0          1909.0                22016.0          23000.0          2519.0                24336.0          23000.0          3198.0                26900.0          23000.0          3950.0                29734.0  0.123237      0.123237      0.137209      0.058882      0.074606      0.086710      0.103509      0.118885      0.132845
53       23000.0      1849.0            14918.0          23000.0          1849.0                14918.0          23000.0          2277.0                16554.0          23000.0          1124.0                18312.0          23000.0          1548.0                20242.0          23000.0          2002.0                22374.0          23000.0          2608.0                24731.0          23000.0          3290.0                27337.0          23000.0          4048.0                30218.0  0.123944      0.123944      0.137550      0.061381      0.076475      0.089479      0.105455      0.120350      0.133960
54       23000.0      1997.0            15291.0          23000.0          1997.0                15291.0          23000.0          2445.0                16968.0          23000.0          1265.0                18770.0          23000.0          1701.0                20748.0          23000.0          2204.0                22934.0          23000.0          2845.0                25350.0          23000.0          3558.0                28021.0          23000.0          4348.0                30973.0  0.130600      0.130600      0.144095      0.067395      0.081984      0.096102      0.112229      0.126976      0.140380
55       23000.0      2068.0            15543.0          23000.0          2068.0                15543.0          23000.0          2523.0                17248.0          23000.0          1337.0                19080.0          23000.0          1782.0                21090.0          23000.0          2305.0                23312.0          23000.0          2960.0                25768.0          23000.0          3686.0                28483.0          23000.0          4489.0                31484.0  0.133050      0.133050      0.146278      0.070073      0.084495      0.098876      0.114871      0.129411      0.142580
56       23000.0      2080.0            15703.0          23000.0          2080.0                15703.0          23000.0          2535.0                17426.0          23000.0          1351.0                19277.0          23000.0          1797.0                21307.0          23000.0          2325.0                23552.0          23000.0          2979.0                26033.0          23000.0          3706.0                28777.0          23000.0          4510.0                31809.0  0.132459      0.132459      0.145472      0.070084      0.084338      0.098718      0.114432      0.128783      0.141784
57       23000.0      2132.0            16013.0          23000.0          2132.0                16013.0          23000.0          2591.0                17770.0          23000.0          1418.0                19657.0          23000.0          1847.0                21728.0          23000.0          2419.0                24017.0          23000.0          3079.0                26548.0          23000.0          3814.0                29345.0          23000.0          4627.0                32437.0  0.133142      0.133142      0.145808      0.072137      0.085006      0.100720      0.115979      0.129971      0.142646
58       22980.0      2247.0            16386.0          22980.0          2247.0                16386.0          22980.0          2717.0                18183.0          22980.0          1534.0                20114.0          22980.0          1993.0                22234.0          22980.0          2593.0                24576.0          22980.0          3269.0                27165.0          22980.0          4022.0                30028.0          22980.0          4855.0                33191.0  0.137129      0.137129      0.149425      0.076265      0.089637      0.105509      0.120339      0.133942      0.146275
59       23000.0      2309.0            16742.0          23000.0          2309.0                16742.0          23000.0          2785.0                18578.0          23000.0          1601.0                20552.0          23000.0          2076.0                22717.0          23000.0          2689.0                25110.0          23000.0          3374.0                27756.0          23000.0          4137.0                30680.0          23000.0          4981.0                33913.0  0.137917      0.137917      0.149908      0.077900      0.091385      0.107089      0.121559      0.134844      0.146876
60       23010.0      2513.0            17191.0          23010.0          2513.0                17191.0          23010.0          3015.0                19076.0          23010.0          1794.0                21103.0          23010.0          2331.0                23326.0          23010.0          2982.0                25783.0          23010.0          3706.0                28500.0          23010.0          4509.0                31503.0          23010.0          5396.0                34822.0  0.146181      0.146181      0.158052      0.085012      0.099931      0.115658      0.130035      0.143129      0.154960
61       23000.0      2578.0            17459.0          23000.0          2578.0                17459.0          23000.0          3086.0                19374.0          23000.0          1847.0                21432.0          23000.0          2416.0                23690.0          23000.0          3077.0                26185.0          23000.0          3812.0                28944.0          23000.0          4625.0                31994.0          23000.0          5525.0                35365.0  0.147660      0.147660      0.159286      0.086180      0.101984      0.117510      0.131703      0.144558      0.156228
62       22990.0      2616.0            17754.0          22990.0          2616.0                17754.0          22990.0          3129.0                19702.0          22990.0          1887.0                21795.0          22990.0          2473.0                24091.0          22990.0          3140.0                26629.0          22990.0          3882.0                29434.0          22990.0          4703.0                32536.0          22990.0          5611.0                35964.0  0.147347      0.147347      0.158816      0.086579      0.102652      0.117917      0.131888      0.144548      0.156017
63       23000.0      2740.0            18200.0          23000.0          2740.0                18200.0          23000.0          3266.0                20197.0          23000.0          2030.0                22342.0          23000.0          2639.0                24696.0          23000.0          3324.0                27298.0          23000.0          4086.0                30173.0          23000.0          4928.0                33353.0          23000.0          5860.0                36867.0  0.150549      0.150549      0.161707      0.090860      0.106859      0.121767      0.135419      0.147753      0.158950
64       23000.0      2841.0            18660.0          23000.0          2841.0                18660.0          23000.0          3378.0                20706.0          23000.0          2151.0                22906.0          23000.0          2779.0                25319.0          23000.0          3479.0                27986.0          23000.0          4255.0                30935.0          23000.0          5114.0                34194.0          23000.0          6064.0                37797.0  0.152251      0.152251      0.163141      0.093906      0.109759      0.124312      0.137546      0.149558      0.160436
65       23000.0      2962.0            19138.0          23000.0          2962.0                19138.0          23000.0          3513.0                21237.0          23000.0          2296.0                23493.0          23000.0          2942.0                25968.0          23000.0          3662.0                28703.0          23000.0          4459.0                31727.0          23000.0          5342.0                35071.0          23000.0          6317.0                38765.0  0.154771      0.154771      0.165419      0.097731      0.113293      0.127582      0.140543      0.152320      0.162956
66       22990.0      3079.0            19637.0          22990.0          3079.0                19637.0          22990.0          3642.0                21791.0          22990.0          2445.0                24105.0          22990.0          3105.0                26645.0          22990.0          3841.0                29452.0          22990.0          4655.0                32555.0          22990.0          5556.0                35985.0          22990.0          6553.0                39776.0  0.156796      0.156796      0.167133      0.101431      0.116532      0.130416      0.142989      0.154398      0.164748
67       23000.0      3263.0            20217.0          23000.0          3263.0                20217.0          23000.0          3847.0                22435.0          23000.0          2660.0                24818.0          23000.0          3347.0                27432.0          23000.0          4112.0                30322.0          23000.0          4959.0                33517.0          23000.0          5896.0                37049.0          23000.0          6934.0                40952.0  0.161399      0.161399      0.171473      0.107180      0.122011      0.135611      0.147955      0.159141      0.169320
68       23000.0      3323.0            20694.0          23000.0          3323.0                20694.0          23000.0          3909.0                22963.0          23000.0          2761.0                25402.0          23000.0          3453.0                28079.0          23000.0          4224.0                31037.0          23000.0          5077.0                34307.0          23000.0          6021.0                37922.0          23000.0          7068.0                41917.0  0.160578      0.160578      0.170230      0.108692      0.122974      0.136096      0.147987      0.158773      0.168619
69       23000.0      3556.0            21199.0          23000.0          3556.0                21199.0          23000.0          4172.0                23524.0          23000.0          3025.0                26023.0          23000.0          3752.0                28765.0          23000.0          4557.0                31795.0          23000.0          5447.0                35145.0          23000.0          6433.0                38848.0          23000.0          7524.0                42941.0  0.167744      0.167744      0.177351      0.116243      0.130436      0.143324      0.154986      0.165594      0.175217
70       22995.0      3642.0            21745.0          22995.0          3642.0                21745.0          22995.0          4268.0                24130.0          22995.0          3131.0                26693.0          22995.0          3871.0                29506.0          22995.0          4690.0                32614.0          22995.0          5596.0                36050.0          22995.0          6600.0                39849.0          22995.0          7710.0                44047.0  0.167487      0.167487      0.176875      0.117297      0.131194      0.143803      0.155229      0.165625      0.175040
71       23000.0      3830.0            22390.0          23000.0          3830.0                22390.0          23000.0          4477.0                24846.0          23000.0          3359.0                27485.0          23000.0          4125.0                30380.0          23000.0          4971.0                33581.0          23000.0          5908.0                37119.0          23000.0          6945.0                41030.0          23000.0          8093.0                45353.0  0.171059      0.171059      0.180190      0.122212      0.135780      0.148030      0.159164      0.169266      0.178445
72       22995.0      3980.0            22903.0          22995.0          3980.0                22903.0          22995.0          4645.0                25415.0          22995.0          3533.0                28115.0          22995.0          4318.0                31077.0          22995.0          5186.0                34351.0          22995.0          6146.0                37970.0          22995.0          7208.0                41971.0          22995.0          8383.0                46393.0  0.173776      0.173776      0.182766      0.125662      0.138945      0.150971      0.161865      0.171738      0.180695
73       23000.0      4065.0            23453.0          23000.0          4065.0                23453.0          23000.0          4735.0                26026.0          23000.0          3658.0                28790.0          23000.0          4452.0                31823.0          23000.0          5330.0                35176.0          23000.0          6303.0                38882.0          23000.0          7379.0                42979.0          23000.0          8570.0                47507.0  0.173325      0.173325      0.181933      0.127058      0.139899      0.151524      0.162106      0.171688      0.180394
74       22995.0      4286.0            24144.0          22995.0          4286.0                24144.0          22995.0          4981.0                26792.0          22995.0          3922.0                29638.0          22995.0          4744.0                32761.0          22995.0          5655.0                36212.0          22995.0          6661.0                40027.0          22995.0          7776.0                44245.0          22995.0          9011.0                48906.0  0.177518      0.177518      0.185914      0.132330      0.144806      0.156164      0.166413      0.175749      0.184251
75       23000.0      4417.0            24714.0          23000.0          4417.0                24714.0          23000.0          5126.0                27425.0          23000.0          4099.0                30338.0          23000.0          4940.0                33534.0          23000.0          5871.0                37067.0          23000.0          6900.0                40972.0          23000.0          8038.0                45290.0          23000.0          9300.0                50061.0  0.178725      0.178725      0.186910      0.135111      0.147313      0.158389      0.168408      0.177478      0.185773
76       22995.0      4674.0            25473.0          22995.0          4674.0                25473.0          22995.0          5414.0                28267.0          22995.0          4402.0                31270.0          22995.0          5277.0                34564.0          22995.0          6244.0                38206.0          22995.0          7313.0                42230.0          22995.0          8498.0                46680.0          22995.0          9810.0                51598.0  0.183488      0.183488      0.191531      0.140774      0.152673      0.163430      0.173171      0.182048      0.190124
77       23000.0      4867.0            26103.0          23000.0          4867.0                26103.0          23000.0          5629.0                28966.0          23000.0          4639.0                32042.0          23000.0          5538.0                35418.0          23000.0          6532.0                39150.0          23000.0          7632.0                43274.0          23000.0          8850.0                47834.0          23000.0         10198.0                52874.0  0.186454      0.186454      0.194331      0.144779      0.156361      0.166845      0.176365      0.185015      0.192874
78       22995.0      4971.0            26802.0          22995.0          4971.0                26802.0          22995.0          5744.0                29742.0          22995.0          4788.0                32902.0          22995.0          5701.0                36368.0          22995.0          6710.0                40199.0          22995.0          7827.0                44434.0          22995.0          9064.0                49117.0          22995.0         10435.0                54291.0  0.185471      0.185471      0.193128      0.145523      0.156759      0.166920      0.176149      0.184539      0.192205
79       22999.0      5277.0            27696.0          22999.0          5277.0                27696.0          22999.0          6087.0                30734.0          22999.0          5145.0                33998.0          22999.0          6099.0                37580.0          22999.0          7156.0                41540.0          22999.0          8326.0                45916.0          22999.0          9623.0                50754.0          22999.0         11061.0                56102.0  0.190533      0.190533      0.198054      0.151332      0.162294      0.172268      0.181331      0.189601      0.197159
80       22998.0      5504.0            28508.0          22998.0          5504.0                28508.0          22998.0          6336.0                31634.0          22998.0          5425.0                34995.0          22998.0          6408.0                38681.0          22998.0          7495.0                42757.0          22998.0          8698.0                47261.0          22998.0         10030.0                52241.0          22998.0         11510.0                57745.0  0.193069      0.193069      0.200291      0.155022      0.165663      0.175293      0.184042      0.191995      0.199325
81       22998.0      5698.0            29364.0          22998.0          5698.0                29364.0          22998.0          6551.0                32584.0          22998.0          5680.0                36045.0          22998.0          6687.0                39843.0          22998.0          7803.0                44041.0          22998.0          9037.0                48680.0          22998.0         10405.0                53810.0          22998.0         11930.0                59479.0  0.194047      0.194047      0.201050      0.157581      0.167834      0.177176      0.185641      0.193366      0.200575
82       22996.0      5892.0            30399.0          22996.0          5892.0                30399.0          22996.0          6770.0                33734.0          22996.0          5922.0                37317.0          22996.0          6958.0                41248.0          22996.0          8103.0                45594.0          22996.0          9371.0                50397.0          22996.0         10778.0                55708.0          22996.0         12351.0                61577.0  0.193822      0.193822      0.200688      0.158694      0.168687      0.177721      0.185944      0.193473      0.200578
83       22998.0      6250.0            31893.0          22998.0          6250.0                31893.0          22998.0          7165.0                35391.0          22998.0          6365.0                39150.0          22998.0          7445.0                43275.0          22998.0          8642.0                47834.0          22998.0          9968.0                52874.0          22998.0         11446.0                58445.0          22998.0         13106.0                64603.0  0.195968      0.195968      0.202453      0.162580      0.172039      0.180666      0.188524      0.195842      0.202870
84       22998.0      6691.0            33563.0          22998.0          6691.0                33563.0          22998.0          7653.0                37244.0          22998.0          6918.0                41200.0          22998.0          8055.0                45541.0          22998.0          9314.0                50339.0          22998.0         10713.0                55642.0          22998.0         12281.0                61505.0          22998.0         14032.0                67985.0  0.199356      0.199356      0.205483      0.167913      0.176874      0.185026      0.192534      0.199675      0.206398
85       22996.0      7125.0            35235.0          22996.0          7125.0                35235.0          22996.0          8136.0                39100.0          22996.0          7451.0                43254.0          22996.0          8646.0                47811.0          22996.0          9970.0                52848.0          22996.0         11447.0                58415.0          22996.0         13104.0                64570.0          22996.0         14909.0                71373.0  0.202214      0.202214      0.208082      0.172262      0.180837      0.188654      0.195960      0.202943      0.208889
86       22998.0      7623.0            37195.0          22998.0          7623.0                37195.0          22998.0          8693.0                41274.0          22998.0          8061.0                45658.0          22998.0          9326.0                50469.0          22998.0         10730.0                55786.0          22998.0         12302.0                61663.0          22998.0         14057.0                68161.0          22998.0         15899.0                75342.0  0.204947      0.204947      0.210617      0.176552      0.184787      0.192342      0.199504      0.206232      0.211024
87       22998.0      8195.0            39436.0          22998.0          8195.0                39436.0          22998.0          9327.0                43761.0          22998.0          8764.0                48410.0          22998.0         10103.0                53510.0          22998.0         11596.0                59147.0          22998.0         13267.0                65378.0          22998.0         15098.0                72268.0          22998.0         17057.0                79882.0  0.207805      0.207805      0.213135      0.181037      0.188806      0.196054      0.202928      0.208917      0.213527
88       22998.0      8797.0            42190.0          22998.0          8797.0                42190.0          22998.0          9998.0                46818.0          22998.0          9536.0                51791.0          22998.0         10964.0                57248.0          22998.0         12563.0                63279.0          22998.0         14347.0                69945.0          22998.0         16198.0                77316.0          22998.0         18609.0                85461.0  0.208509      0.208509      0.213550      0.184125      0.191518      0.198533      0.205118      0.209504      0.217748
89       22997.0      9611.0            45117.0          22997.0          9611.0                45117.0          22997.0         10901.0                50066.0          22997.0         10535.0                55383.0          22997.0         12079.0                61218.0          22997.0         13807.0                67668.0          22997.0         15615.0                74797.0          22997.0         17844.0                82679.0          22997.0         20546.0                91389.0  0.213024      0.213024      0.217733      0.190221      0.197311      0.204040      0.208765      0.215823      0.224819
90       22998.0     10589.0            49191.0          22998.0         10589.0                49191.0          22998.0         12000.0                54586.0          22998.0         11753.0                60384.0          22998.0         13445.0                66746.0          22998.0         15267.0                73778.0          22998.0         17346.0                81551.0          22998.0         19995.0                90144.0          22998.0         22946.0                99641.0  0.215263      0.215263      0.219837      0.194638      0.201435      0.206932      0.212701      0.221812      0.230287
91       22997.0     11808.0            53923.0          22997.0         11808.0                53923.0          22997.0         13374.0                59838.0          22997.0         13277.0                66194.0          22997.0         15093.0                73168.0          22997.0         17120.0                80876.0          22997.0         19730.0                89397.0          22997.0         22651.0                98817.0          22997.0         25895.0               109228.0  0.218979      0.218979      0.223503      0.200577      0.206279      0.211682      0.220701      0.229222      0.237073
92       22997.0     13183.0            59698.0          22997.0         13183.0                59698.0          22997.0         14913.0                66246.0          22997.0         14952.0                73282.0          22997.0         16968.0                81003.0          22997.0         19548.0                89537.0          22997.0         22450.0                98970.0          22997.0         25675.0               109398.0          22997.0         29253.0               120924.0  0.220828      0.220828      0.225115      0.204034      0.209474      0.218323      0.226836      0.234694      0.241912
93       22998.0     15030.0            66651.0          22998.0         15030.0                66651.0          22998.0         16973.0                73962.0          22998.0         17210.0                81818.0          22998.0         19828.0                90438.0          22998.0         22764.0                99966.0          22998.0         26026.0               110497.0          22998.0         29647.0               122141.0          22998.0         33671.0               135009.0  0.225503      0.225503      0.229483      0.210345      0.219244      0.227717      0.235536      0.242728      0.249398
94       22997.0     17145.0            74756.0          22997.0         17145.0                74756.0          22997.0         19331.0                82956.0          22997.0         20184.0                91768.0          22997.0         23159.0               101436.0          22997.0         26465.0               112123.0          22997.0         30136.0               123935.0          22997.0         34216.0               136994.0          22997.0         38742.0               151427.0  0.229346      0.229346      0.233027      0.219946      0.228311      0.236035      0.243160      0.249763      0.255846
95       22998.0     19903.0            85266.0          22998.0         19903.0                85266.0          22998.0         22403.0                94619.0          22998.0         24087.0               104669.0          22998.0         27488.0               115697.0          22998.0         31265.0               127886.0          22998.0         35451.0               141359.0          22998.0         40171.0               156254.0          22998.0         45670.0               172717.0  0.233422      0.233422      0.236771      0.230125      0.237586      0.244476      0.250787      0.257088      0.264421
96       22997.0     23849.0           100562.0          22997.0         23849.0               100562.0          22997.0         26802.0               111592.0          22997.0         29691.0               123445.0          22997.0         33698.0               136451.0          22997.0         38181.0               150827.0          22997.0         43347.0               166716.0          22997.0         49220.0               184284.0          22997.0         55703.0               203699.0  0.237157      0.237157      0.240179      0.240520      0.246960      0.253144      0.260005      0.267088      0.273457
97       22998.0     30060.0           124783.0          22998.0         30060.0               124783.0          22998.0         33731.0               138470.0          22998.0         38564.0               153178.0          22998.0         43760.0               169316.0          22998.0         49655.0               187155.0          22998.0         56127.0               206871.0          22998.0         63500.0               228670.0          22998.0         71848.0               252762.0  0.240898      0.240898      0.243598      0.251759      0.258452      0.265315      0.271314      0.277693      0.284252
98       22997.0     43302.0           174973.0          22997.0         43302.0               174973.0          22997.0         48737.0               194165.0          22997.0         57845.0               214789.0          22997.0         65393.0               237418.0          22997.0         73845.0               262431.0          22997.0         83369.0               290078.0          22997.0         93850.0               320645.0          22997.0        105436.0               354427.0  0.247478      0.247478      0.251008      0.269311      0.275434      0.281388      0.287402      0.292691      0.297483
99       22998.0    141523.0           509553.0          22998.0        141523.0               509553.0          22998.0        158261.0               565443.0          22998.0        193885.0               625505.0          22998.0        215978.0               691405.0          22998.0        240406.0               764249.0          22998.0        267411.0               844761.0          22998.0        297274.0               933777.0          22998.0        330282.0              1032157.0  0.277740      0.277740      0.279889      0.309966      0.312376      0.314565      0.316552      0.318357      0.319992
ALL    2299744.0    508618.0          2602170.0        2299744.0        508618.0              2602170.0        2299744.0        582942.0              2887590.0        2299744.0        577810.0              3194309.0        2299744.0        666594.0              3530849.0        2299744.0        767013.0              3902843.0        2299744.0        880462.0              4314001.0        2299744.0       1008591.0              4768584.0        2299744.0       1152687.0              5270988.0  0.195459      0.195459      0.201878      0.180887      0.188791      0.196527      0.204094      0.211507      0.218685

