       weight_2025 pitax_2025 total_income_2025 weight_ref_2025 pitax_ref_2025 total_income_ref_2025 weight_ref_2026 pitax_ref_2026 total_income_ref_2026 weight_ref_2027 pitax_ref_2027 total_income_ref_2027 weight_ref_2028 pitax_ref_2028 total_income_ref_2028 weight_ref_2029 pitax_ref_2029 total_income_ref_2029 weight_ref_2030 pitax_ref_2030 total_income_ref_2030 weight_ref_2031 pitax_ref_2031 total_income_ref_2031 weight_ref_2032 pitax_ref_2032 total_income_ref_2032
0-10n          -99          0                 0             -99              0                     0             -99              0                     0             -99              0                     0             -99              0                     0             -99              0                     0             -99              0                     0             -99              0                     0             -99              0                     0
0-10z          -99          0                 0             -99              0                     0             -99              0                     0             -99              0                     0             -99              0                     0             -99              0                     0             -99              0                     0             -99              0                     0             -99              0                     0
0-10p      229,950          0            79,572         229,950              0                79,572         229,950              0                88,300         229,950              0                97,679         229,950              0               107,970         229,950              1               119,346         229,950              5               131,919         229,950              9               145,819         229,950             15               161,182
10-20      229,950          5           213,280         229,950              5               213,280         229,950             10               236,674         229,950             11               261,813         229,950             16               289,397         229,950             22               319,887         229,950             32               353,586         229,950             48               390,845         229,950             77               432,023
20-30      230,000      1,476           307,231         230,000          1,476               307,231         230,000          5,471               340,930         230,000             41               377,144         230,000             67               416,878         230,000            130               460,798         230,000          1,339               509,343         230,000          5,700               563,014         230,000         13,992               622,332
30-40      229,990     20,729           418,159         229,990         20,729               418,159         229,990         31,660               464,025         229,990          1,240               513,313         229,990          5,676               567,394         229,990         14,097               627,172         229,990         26,292               693,243         229,990         41,160               766,293         229,990         58,338               847,028
40-50      229,980     53,902           549,205         229,980         53,902               549,205         229,980         69,542               609,444         229,980         22,819               674,180         229,980         37,140               745,208         229,980         54,085               823,720         229,980         72,611               910,498         229,980         95,172             1,006,440         229,980        121,765             1,112,476
50-60      229,960     86,332           669,074         229,960         86,332               669,074         229,960        105,617               742,462         229,960         54,758               821,326         229,960         73,682               907,858         229,960         95,738             1,003,505         229,960        123,022             1,109,223         229,960        153,783             1,226,106         229,960        187,890             1,355,285
60-70      229,990    128,145           826,767         229,990        128,145               826,767         229,990        151,998               917,451         229,990         99,548             1,014,902         229,990        127,129             1,121,828         229,990        158,254             1,240,019         229,990        192,784             1,370,653         229,990        230,998             1,515,084         229,990        273,285             1,674,709
70-80      229,974    191,373         1,067,178         229,974        191,373             1,067,178         229,974        222,221             1,184,232         229,974        176,869             1,310,021         229,974        213,350             1,448,040         229,974        253,703             1,600,599         229,974        298,351             1,769,219         229,974        347,783             1,955,648         229,974        402,528             2,161,690
80-90      229,975    310,408         1,534,512         229,975        310,408             1,534,512         229,975        354,524             1,702,825         229,975        324,625             1,883,699         229,975        376,871             2,082,158         229,975        434,931             2,301,524         229,975        499,032             2,543,986         229,975        570,676             2,812,056         229,975        652,028             3,108,326
90-100     229,975  1,419,251         5,649,987         229,975      1,419,251             5,649,987         229,975      1,593,759             6,269,708         229,975      1,832,578             6,935,676         229,975      2,064,614             7,666,391         229,975      2,324,235             8,474,086         229,975      2,615,037             9,366,817         229,975      2,940,317            10,353,835         229,975      3,302,301            11,444,686
ALL      2,299,744    221,163         1,131,504       2,299,744        221,163             1,131,504       2,299,744        253,481             1,255,613       2,299,744        251,250             1,388,985       2,299,744        289,856             1,535,323       2,299,744        333,521             1,697,077       2,299,744        382,852             1,875,861       2,299,744        438,567             2,073,528       2,299,744        501,224             2,291,989
90-95      114,987    589,240         2,645,682         114,987        589,240             2,645,682         114,987        666,083             2,935,874         114,987        672,903             3,247,723         114,987        769,595             3,589,890         114,987        879,795             3,968,104         114,987      1,006,096             4,386,137         114,987      1,149,556             4,848,321         114,987      1,308,911             5,359,127
95-99       91,990  1,273,122         5,278,660          91,990      1,273,122             5,278,660          91,990      1,431,382             5,857,651          91,990      1,632,646             6,479,850          91,990      1,851,707             7,162,541          91,990      2,097,460             7,917,153          91,990      2,373,023             8,751,213          91,990      2,682,269             9,673,361          91,990      3,029,212            10,692,519
Top 1%      22,998  6,153,696        22,156,402          22,998      6,153,696            22,156,402          22,998      6,881,512            24,586,632          22,998      8,430,512            27,198,224          22,998      9,391,154            30,063,719          22,998     10,453,328            33,231,093          22,998     11,627,573            36,731,935          22,998     12,926,061            40,602,519          22,998     14,361,324            44,880,287

